tau: 3
R0: 0.8717427036795353
rho0: 0.5043279719378787
rho1: 0.8082920921088478
rho2: 0.8230339437082774
switch_to_rho1: 35
switch_to_rho2: 37
