tau: 6
R0: 2.902760966770941
rho0: 0.7647829262056682
rho1: 0.31442067652375233
rho2: 0.8469303380963398
switch_to_rho1: 28
switch_to_rho2: 59
