tau: 6
R0: 2.358457277047377
rho0: 0.28178523059362603
rho1: 0.46483947108103807
rho2: 0.5663500873546155
switch_to_rho1: 23
switch_to_rho2: 60
