tau: 2
R0: 0.9905934418361951
rho0: 0.40571747773388733
rho1: 0.31414470364638747
rho2: 0.7696543044533747
switch_to_rho1: 37
switch_to_rho2: 49
